#Layer_Color=9474304
#
#Feature symbol names
#
$0 r5

#
#Feature attribute names
#

#
#Layer features
#
L 0.095 0.272 0.105 0.272 0 P 0
L 0.095 0.772 0.105 0.772 0 P 0
L 0.095 1.272 0.105 1.272 0 P 0
L 0.095 1.772 0.105 1.772 0 P 0
L 0.095 2.272 0.105 2.272 0 P 0
L 0.095 2.772 0.105 2.772 0 P 0
L 0.095 3.272 0.105 3.272 0 P 0
L 0.095 3.772 0.105 3.772 0 P 0
L 0.1 0.267 0.1 0.277 0 P 0
L 0.1 0.767 0.1 0.777 0 P 0
L 0.1 1.267 0.1 1.277 0 P 0
L 0.1 1.767 0.1 1.777 0 P 0
L 0.1 2.267 0.1 2.277 0 P 0
L 0.1 2.767 0.1 2.777 0 P 0
L 0.1 3.267 0.1 3.277 0 P 0
L 0.1 3.767 0.1 3.777 0 P 0
L 0.175 0.25 0.325 0.25 0 P 0
L 0.175 3.75 0.325 3.75 0 P 0
L 0.22 0.522 0.23 0.522 0 P 0
L 0.22 1.022 0.23 1.022 0 P 0
L 0.22 1.522 0.23 1.522 0 P 0
L 0.22 2.022 0.23 2.022 0 P 0
L 0.22 2.522 0.23 2.522 0 P 0
L 0.22 3.022 0.23 3.022 0 P 0
L 0.22 3.522 0.23 3.522 0 P 0
L 0.225 0.517 0.225 0.527 0 P 0
L 0.225 1.017 0.225 1.027 0 P 0
L 0.225 1.517 0.225 1.527 0 P 0
L 0.225 2.017 0.225 2.027 0 P 0
L 0.225 2.517 0.225 2.527 0 P 0
L 0.225 3.017 0.225 3.027 0 P 0
L 0.225 3.517 0.225 3.527 0 P 0
L 0.25 0.175 0.25 0.325 0 P 0
L 0.25 3.675 0.25 3.825 0 P 0
L 0.345 0.772 0.355 0.772 0 P 0
L 0.345 1.272 0.355 1.272 0 P 0
L 0.345 1.772 0.355 1.772 0 P 0
L 0.345 2.272 0.355 2.272 0 P 0
L 0.345 2.772 0.355 2.772 0 P 0
L 0.345 3.272 0.355 3.272 0 P 0
L 0.35 0.767 0.35 0.777 0 P 0
L 0.35 1.267 0.35 1.277 0 P 0
L 0.35 1.767 0.35 1.777 0 P 0
L 0.35 2.267 0.35 2.277 0 P 0
L 0.35 2.767 0.35 2.777 0 P 0
L 0.35 3.267 0.35 3.277 0 P 0
L 0.47 0.522 0.48 0.522 0 P 0
L 0.47 1.022 0.48 1.022 0 P 0
L 0.47 1.522 0.48 1.522 0 P 0
L 0.47 2.022 0.48 2.022 0 P 0
L 0.47 2.522 0.48 2.522 0 P 0
L 0.47 3.022 0.48 3.022 0 P 0
L 0.47 3.522 0.48 3.522 0 P 0
L 0.475 0.517 0.475 0.527 0 P 0
L 0.475 1.017 0.475 1.027 0 P 0
L 0.475 1.517 0.475 1.527 0 P 0
L 0.475 2.017 0.475 2.027 0 P 0
L 0.475 2.517 0.475 2.527 0 P 0
L 0.475 3.017 0.475 3.027 0 P 0
L 0.475 3.517 0.475 3.527 0 P 0
L 0.595 0.345 0.605 0.345 0 P 0
L 0.595 0.772 0.605 0.772 0 P 0
L 0.595 1.272 0.605 1.272 0 P 0
L 0.595 1.772 0.605 1.772 0 P 0
L 0.595 2.272 0.605 2.272 0 P 0
L 0.595 2.772 0.605 2.772 0 P 0
L 0.595 3.272 0.605 3.272 0 P 0
L 0.595 3.772 0.605 3.772 0 P 0
L 0.6 0.34 0.6 0.35 0 P 0
L 0.6 0.767 0.6 0.777 0 P 0
L 0.6 1.267 0.6 1.277 0 P 0
L 0.6 1.767 0.6 1.777 0 P 0
L 0.6 2.267 0.6 2.277 0 P 0
L 0.6 2.767 0.6 2.777 0 P 0
L 0.6 3.05 0.61 3.05 0 P 0
L 0.6 3.267 0.6 3.277 0 P 0
L 0.6 3.767 0.6 3.777 0 P 0
L 0.605 3.045 0.605 3.055 0 P 0
L 0.618504 3.7 0.681496 3.7 0 P 0
L 0.618504 3.9 0.681496 3.9 0 P 0
L 0.6335039 0.1171259 0.6435039 0.1171259 0 P 0
L 0.6385039 0.1121259 0.6385039 0.1221259 0 P 0
L 0.645 3.5 0.655 3.5 0 P 0
L 0.645 3.55 0.655 3.55 0 P 0
L 0.645 3.6 0.655 3.6 0 P 0
L 0.65 3.495 0.65 3.505 0 P 0
L 0.65 3.545 0.65 3.555 0 P 0
L 0.65 3.595 0.65 3.605 0 P 0
L 0.65 3.668504 0.65 3.731496 0 P 0
L 0.65 3.868504 0.65 3.931496 0 P 0
L 0.695 2.73 0.705 2.73 0 P 0
L 0.7 2.725 0.7 2.735 0 P 0
L 0.72 1.522 0.73 1.522 0 P 0
L 0.72 2.022 0.73 2.022 0 P 0
L 0.72 2.522 0.73 2.522 0 P 0
L 0.7204725 3.8 0.7795275 3.8 0 P 0
L 0.725 1.517 0.725 1.527 0 P 0
L 0.725 2.017 0.725 2.027 0 P 0
L 0.725 2.517 0.725 2.527 0 P 0
L 0.75 3.7704725 0.75 3.8295275 0 P 0
L 0.795 0.722 0.805 0.722 0 P 0
L 0.795 0.922 0.805 0.922 0 P 0
L 0.8 0.717 0.8 0.727 0 P 0
L 0.8 0.917 0.8 0.927 0 P 0
L 0.8009845 0.2 0.8521655 0.2 0 P 0
L 0.805 0.5 0.845 0.5 0 P 0
L 0.818504 3.7 0.881496 3.7 0 P 0
L 0.818504 3.9 0.881496 3.9 0 P 0
L 0.825 0.48 0.825 0.52 0 P 0
L 0.826575 0.1744095 0.826575 0.2255905 0 P 0
L 0.845 0.272 0.855 0.272 0 P 0
L 0.845 0.622 0.855 0.622 0 P 0
L 0.845 0.772 0.855 0.772 0 P 0
L 0.845 0.822 0.855 0.822 0 P 0
L 0.845 1.022 0.855 1.022 0 P 0
L 0.845 1.272 0.855 1.272 0 P 0
L 0.845 1.772 0.855 1.772 0 P 0
L 0.845 2.272 0.855 2.272 0 P 0
L 0.845 2.95 0.855 2.95 0 P 0
L 0.845 3.5 0.855 3.5 0 P 0
L 0.845 3.55 0.855 3.55 0 P 0
L 0.845 3.6 0.855 3.6 0 P 0
L 0.845 3.772 0.855 3.772 0 P 0
L 0.85 0.267 0.85 0.277 0 P 0
L 0.85 0.617 0.85 0.627 0 P 0
L 0.85 0.767 0.85 0.777 0 P 0
L 0.85 0.817 0.85 0.827 0 P 0
L 0.85 1.017 0.85 1.027 0 P 0
L 0.85 1.267 0.85 1.277 0 P 0
L 0.85 1.767 0.85 1.777 0 P 0
L 0.85 2.267 0.85 2.277 0 P 0
L 0.85 2.945 0.85 2.955 0 P 0
L 0.85 3.495 0.85 3.505 0 P 0
L 0.85 3.545 0.85 3.555 0 P 0
L 0.85 3.595 0.85 3.605 0 P 0
L 0.85 3.668504 0.85 3.731496 0 P 0
L 0.85 3.767 0.85 3.777 0 P 0
L 0.85 3.868504 0.85 3.931496 0 P 0
L 0.8549213 3.25 0.8950787 3.25 0 P 0
L 0.875 3.2299213 0.875 3.2700787 0 P 0
L 0.88 2.8 0.92 2.8 0 P 0
L 0.895 0.522 0.905 0.522 0 P 0
L 0.895 0.722 0.905 0.722 0 P 0
L 0.895 0.922 0.905 0.922 0 P 0
L 0.9 0.517 0.9 0.527 0 P 0
L 0.9 0.717 0.9 0.727 0 P 0
L 0.9 0.917 0.9 0.927 0 P 0
L 0.9 2.78 0.9 2.82 0 P 0
L 0.9049213 1.8 0.9450787 1.8 0 P 0
L 0.9049213 1.9 0.9450787 1.9 0 P 0
L 0.905 2.22 0.945 2.22 0 P 0
L 0.905 2.33 0.945 2.33 0 P 0
L 0.905 2.52 0.945 2.52 0 P 0
L 0.925 1.7799213 0.925 1.8200787 0 P 0
L 0.925 1.8799213 0.925 1.9200787 0 P 0
L 0.925 2.2 0.925 2.24 0 P 0
L 0.925 2.31 0.925 2.35 0 P 0
L 0.925 2.5 0.925 2.54 0 P 0
L 0.945 0.622 0.955 0.622 0 P 0
L 0.945 0.822 0.955 0.822 0 P 0
L 0.945 1.022 0.955 1.022 0 P 0
L 0.95 0.617 0.95 0.627 0 P 0
L 0.95 0.817 0.95 0.827 0 P 0
L 0.95 1.017 0.95 1.027 0 P 0
L 0.9549213 3.25 0.9950787 3.25 0 P 0
L 0.97 0.522 0.98 0.522 0 P 0
L 0.97 1.522 0.98 1.522 0 P 0
L 0.97 2.022 0.98 2.022 0 P 0
L 0.97 2.95 0.98 2.95 0 P 0
L 0.97 3.522 0.98 3.522 0 P 0
L 0.975 0.517 0.975 0.527 0 P 0
L 0.975 1.517 0.975 1.527 0 P 0
L 0.975 2.017 0.975 2.027 0 P 0
L 0.975 2.945 0.975 2.955 0 P 0
L 0.975 3.2299213 0.975 3.2700787 0 P 0
L 0.975 3.517 0.975 3.527 0 P 0
L 0.995 0.722 1.005 0.722 0 P 0
L 0.995 0.922 1.005 0.922 0 P 0
L 0.9978345 0.2 1.0490155 0.2 0 P 0
L 1 0.717 1 0.727 0 P 0
L 1 0.917 1 0.927 0 P 0
L 1.005 0.5 1.045 0.5 0 P 0
L 1.023425 0.1744095 1.023425 0.2255905 0 P 0
L 1.025 0.48 1.025 0.52 0 P 0
L 1.0354331 1.219685 1.0748031 1.219685 0 P 0
L 1.0354331 1.319685 1.0748031 1.319685 0 P 0
L 1.0354331 1.419685 1.0748031 1.419685 0 P 0
L 1.0354331 1.519685 1.0748031 1.519685 0 P 0
L 1.0354331 1.619685 1.0748031 1.619685 0 P 0
L 1.0354331 1.719685 1.0748031 1.719685 0 P 0
L 1.0354331 1.919685 1.0748031 1.919685 0 P 0
L 1.0354331 2.019685 1.0748031 2.019685 0 P 0
L 1.0354331 2.119685 1.0748031 2.119685 0 P 0
L 1.0354331 2.219685 1.0748031 2.219685 0 P 0
L 1.0354331 2.319685 1.0748031 2.319685 0 P 0
L 1.0354331 2.419685 1.0748031 2.419685 0 P 0
L 1.0354331 2.519685 1.0748031 2.519685 0 P 0
L 1.0354331 2.619685 1.0748031 2.619685 0 P 0
L 1.045 0.622 1.055 0.622 0 P 0
L 1.045 0.822 1.055 0.822 0 P 0
L 1.045 1.022 1.055 1.022 0 P 0
L 1.05 0.617 1.05 0.627 0 P 0
L 1.05 0.817 1.05 0.827 0 P 0
L 1.05 1.017 1.05 1.027 0 P 0
L 1.0551181 1.2 1.0551181 1.23937 0 P 0
L 1.0551181 1.3 1.0551181 1.33937 0 P 0
L 1.0551181 1.4 1.0551181 1.43937 0 P 0
L 1.0551181 1.5 1.0551181 1.53937 0 P 0
L 1.0551181 1.6 1.0551181 1.63937 0 P 0
L 1.0551181 1.7 1.0551181 1.73937 0 P 0
L 1.0551181 1.9 1.0551181 1.93937 0 P 0
L 1.0551181 2 1.0551181 2.03937 0 P 0
L 1.0551181 2.1 1.0551181 2.13937 0 P 0
L 1.0551181 2.2 1.0551181 2.23937 0 P 0
L 1.0551181 2.3 1.0551181 2.33937 0 P 0
L 1.0551181 2.4 1.0551181 2.43937 0 P 0
L 1.0551181 2.5 1.0551181 2.53937 0 P 0
L 1.0551181 2.6 1.0551181 2.63937 0 P 0
L 1.095 0.722 1.105 0.722 0 P 0
L 1.095 0.772 1.105 0.772 0 P 0
L 1.095 0.922 1.105 0.922 0 P 0
L 1.095 1.272 1.105 1.272 0 P 0
L 1.095 1.772 1.105 1.772 0 P 0
L 1.095 2.272 1.105 2.272 0 P 0
L 1.095 2.925 1.105 2.925 0 P 0
L 1.095 2.98 1.105 2.98 0 P 0
L 1.095 3.772 1.105 3.772 0 P 0
L 1.1 0.717 1.1 0.727 0 P 0
L 1.1 0.767 1.1 0.777 0 P 0
L 1.1 0.917 1.1 0.927 0 P 0
L 1.1 1.267 1.1 1.277 0 P 0
L 1.1 1.767 1.1 1.777 0 P 0
L 1.1 2.267 1.1 2.277 0 P 0
L 1.1 2.92 1.1 2.93 0 P 0
L 1.1 2.975 1.1 2.985 0 P 0
L 1.1 3.767 1.1 3.777 0 P 0
L 1.145 0.622 1.155 0.622 0 P 0
L 1.15 0.617 1.15 0.627 0 P 0
L 1.18 3.25 1.22 3.25 0 P 0
L 1.195 0.522 1.205 0.522 0 P 0
L 1.195 2.925 1.205 2.925 0 P 0
L 1.195 2.98 1.205 2.98 0 P 0
L 1.2 0.517 1.2 0.527 0 P 0
L 1.2 2.92 1.2 2.93 0 P 0
L 1.2 2.975 1.2 2.985 0 P 0
L 1.2 3.23 1.2 3.27 0 P 0
L 1.22 1.522 1.23 1.522 0 P 0
L 1.22 2.022 1.23 2.022 0 P 0
L 1.22 2.522 1.23 2.522 0 P 0
L 1.22 3.522 1.23 3.522 0 P 0
L 1.225 1.517 1.225 1.527 0 P 0
L 1.225 2.017 1.225 2.027 0 P 0
L 1.225 2.517 1.225 2.527 0 P 0
L 1.225 3.517 1.225 3.527 0 P 0
L 1.245 0.622 1.255 0.622 0 P 0
L 1.25 0.617 1.25 0.627 0 P 0
L 1.27 2.925 1.28 2.925 0 P 0
L 1.27 2.99 1.28 2.99 0 P 0
L 1.275 2.92 1.275 2.93 0 P 0
L 1.275 2.985 1.275 2.995 0 P 0
L 1.295 0.522 1.305 0.522 0 P 0
L 1.3 0.517 1.3 0.527 0 P 0
L 1.345 0.622 1.355 0.622 0 P 0
L 1.345 1.272 1.355 1.272 0 P 0
L 1.345 1.772 1.355 1.772 0 P 0
L 1.345 2.272 1.355 2.272 0 P 0
L 1.345 2.925 1.355 2.925 0 P 0
L 1.345 2.99 1.355 2.99 0 P 0
L 1.345 3.772 1.355 3.772 0 P 0
L 1.35 0.617 1.35 0.627 0 P 0
L 1.35 1.267 1.35 1.277 0 P 0
L 1.35 1.767 1.35 1.777 0 P 0
L 1.35 2.267 1.35 2.277 0 P 0
L 1.35 2.92 1.35 2.93 0 P 0
L 1.35 2.985 1.35 2.995 0 P 0
L 1.35 3.767 1.35 3.777 0 P 0
L 1.38 0.125 1.42 0.125 0 P 0
L 1.38 0.575 1.42 0.575 0 P 0
L 1.38 1.125 1.39 1.125 0 P 0
L 1.385 1.12 1.385 1.13 0 P 0
L 1.4 0.105 1.4 0.145 0 P 0
L 1.4 0.555 1.4 0.595 0 P 0
L 1.450315 3.6168364 1.460315 3.6168364 0 P 0
L 1.455315 3.6118364 1.455315 3.6218364 0 P 0
L 1.47 0.522 1.48 0.522 0 P 0
L 1.47 2.022 1.48 2.022 0 P 0
L 1.47 2.522 1.48 2.522 0 P 0
L 1.47 3.022 1.48 3.022 0 P 0
L 1.475 0.517 1.475 0.527 0 P 0
L 1.475 2.017 1.475 2.027 0 P 0
L 1.475 2.517 1.475 2.527 0 P 0
L 1.475 3.017 1.475 3.027 0 P 0
L 1.505 1.575 1.515 1.575 0 P 0
L 1.51 1.57 1.51 1.58 0 P 0
L 1.515008 3.351417 1.559008 3.351417 0 P 0
L 1.5211811 0.6688189 1.5311811 0.6688189 0 P 0
L 1.5261811 0.6638189 1.5261811 0.6738189 0 P 0
L 1.5364887 1.3794 1.5778273 1.3794 0 P 0
L 1.537008 3.329417 1.537008 3.373417 0 P 0
L 1.552158 1.217842 1.562158 1.217842 0 P 0
L 1.557158 1.212842 1.557158 1.222842 0 P 0
L 1.557158 1.3587307 1.557158 1.4000693 0 P 0
L 1.595 0.272 1.605 0.272 0 P 0
L 1.595 1.772 1.605 1.772 0 P 0
L 1.595 2.272 1.605 2.272 0 P 0
L 1.595 2.772 1.605 2.772 0 P 0
L 1.595 3.772 1.605 3.772 0 P 0
L 1.6 0.267 1.6 0.277 0 P 0
L 1.6 1.575 1.61 1.575 0 P 0
L 1.6 1.767 1.6 1.777 0 P 0
L 1.6 2.267 1.6 2.277 0 P 0
L 1.6 2.767 1.6 2.777 0 P 0
L 1.6 3.767 1.6 3.777 0 P 0
L 1.605 1.57 1.605 1.58 0 P 0
L 1.605 3.265 1.615 3.265 0 P 0
L 1.61 3.26 1.61 3.27 0 P 0
L 1.62 0.225 1.63 0.225 0 P 0
L 1.62 1.045 1.63 1.045 0 P 0
L 1.62 1.075 1.63 1.075 0 P 0
L 1.625 0.22 1.625 0.23 0 P 0
L 1.625 1.04 1.625 1.05 0 P 0
L 1.625 1.07 1.625 1.08 0 P 0
L 1.645 0.625 1.655 0.625 0 P 0
L 1.645 0.675 1.655 0.675 0 P 0
L 1.65 0.62 1.65 0.63 0 P 0
L 1.65 0.67 1.65 0.68 0 P 0
L 1.66 1.125 1.67 1.125 0 P 0
L 1.665 0.89 1.675 0.89 0 P 0
L 1.665 1.12 1.665 1.13 0 P 0
L 1.67 0.885 1.67 0.895 0 P 0
L 1.695 0.875 1.705 0.875 0 P 0
L 1.695 0.9102363 1.705 0.9102363 0 P 0
L 1.7 0.87 1.7 0.88 0 P 0
L 1.7 0.9052363 1.7 0.9152363 0 P 0
L 1.7013 3.5987 1.7113 3.5987 0 P 0
L 1.7063 3.5937 1.7063 3.6037 0 P 0
L 1.72 0.522 1.73 0.522 0 P 0
L 1.72 2.522 1.73 2.522 0 P 0
L 1.72 3.022 1.73 3.022 0 P 0
L 1.725 0.517 1.725 0.527 0 P 0
L 1.725 0.89 1.735 0.89 0 P 0
L 1.725 2.517 1.725 2.527 0 P 0
L 1.725 3.017 1.725 3.027 0 P 0
L 1.73 0.885 1.73 0.895 0 P 0
L 1.737 3.1000551 1.747 3.1000551 0 P 0
L 1.742 3.0950551 1.742 3.1050551 0 P 0
L 1.75 3.265 1.76 3.265 0 P 0
L 1.755 3.26 1.755 3.27 0 P 0
L 1.77 0.625 1.78 0.625 0 P 0
L 1.77 0.675 1.78 0.675 0 P 0
L 1.775 0.62 1.775 0.63 0 P 0
L 1.775 0.67 1.775 0.68 0 P 0
L 1.795276 3.5987 1.805276 3.5987 0 P 0
L 1.800276 3.5937 1.800276 3.6037 0 P 0
L 1.805 1.18 1.815 1.18 0 P 0
L 1.81 1.175 1.81 1.185 0 P 0
L 1.8181103 0.1341339 1.8417323 0.1341339 0 P 0
L 1.8181103 0.2987007 1.8417323 0.2987007 0 P 0
L 1.825868 3.5987 1.835868 3.5987 0 P 0
L 1.8299213 0.1223229 1.8299213 0.1459449 0 P 0
L 1.8299213 0.2868897 1.8299213 0.3105117 0 P 0
L 1.830868 3.5937 1.830868 3.6037 0 P 0
L 1.845 0.772 1.855 0.772 0 P 0
L 1.845 1.272 1.855 1.272 0 P 0
L 1.845 1.772 1.855 1.772 0 P 0
L 1.845 2.272 1.855 2.272 0 P 0
L 1.845 2.772 1.855 2.772 0 P 0
L 1.845 3.265 1.855 3.265 0 P 0
L 1.845 3.772 1.855 3.772 0 P 0
L 1.85 0.767 1.85 0.777 0 P 0
L 1.85 1.18 1.86 1.18 0 P 0
L 1.85 1.267 1.85 1.277 0 P 0
L 1.85 1.767 1.85 1.777 0 P 0
L 1.85 2.267 1.85 2.277 0 P 0
L 1.85 2.767 1.85 2.777 0 P 0
L 1.85 3.26 1.85 3.27 0 P 0
L 1.85 3.767 1.85 3.777 0 P 0
L 1.855 1.175 1.855 1.185 0 P 0
L 1.87 0.75 1.88 0.75 0 P 0
L 1.8734252 0.2790157 1.8990158 0.2790157 0 P 0
L 1.875 0.505 1.885 0.505 0 P 0
L 1.875 0.745 1.875 0.755 0 P 0
L 1.88 0.5 1.88 0.51 0 P 0
L 1.88 0.565 1.89 0.565 0 P 0
L 1.885 0.56 1.885 0.57 0 P 0
L 1.8862205 0.2662204 1.8862205 0.291811 0 P 0
L 1.92 0.825 1.93 0.825 0 P 0
L 1.921772 3.598228 1.931772 3.598228 0 P 0
L 1.925 0.82 1.925 0.83 0 P 0
L 1.926772 3.593228 1.926772 3.603228 0 P 0
L 1.953268 3.598188 1.963268 3.598188 0 P 0
L 1.958268 3.593188 1.958268 3.603188 0 P 0
L 1.97 1.522 1.98 1.522 0 P 0
L 1.97 2.022 1.98 2.022 0 P 0
L 1.97 2.522 1.98 2.522 0 P 0
L 1.97 3.022 1.98 3.022 0 P 0
L 1.97 3.265 1.98 3.265 0 P 0
L 1.975 1.517 1.975 1.527 0 P 0
L 1.975 2.017 1.975 2.027 0 P 0
L 1.975 2.517 1.975 2.527 0 P 0
L 1.975 3.017 1.975 3.027 0 P 0
L 1.975 3.26 1.975 3.27 0 P 0
L 1.985 0.28 1.995 0.28 0 P 0
L 1.99 0.275 1.99 0.285 0 P 0
L 2.0056335 0.2638641 2.0156335 0.2638641 0 P 0
L 2.0106335 0.2588641 2.0106335 0.2688641 0 P 0
L 2.047756 3.597244 2.057756 3.597244 0 P 0
L 2.052756 3.592244 2.052756 3.602244 0 P 0
L 2.095 1.272 2.105 1.272 0 P 0
L 2.095 1.772 2.105 1.772 0 P 0
L 2.095 2.272 2.105 2.272 0 P 0
L 2.095 2.772 2.105 2.772 0 P 0
L 2.095 3.26 2.105 3.26 0 P 0
L 2.095 3.772 2.105 3.772 0 P 0
L 2.1 1.267 2.1 1.277 0 P 0
L 2.1 1.767 2.1 1.777 0 P 0
L 2.1 2.267 2.1 2.277 0 P 0
L 2.1 2.767 2.1 2.777 0 P 0
L 2.1 3.255 2.1 3.265 0 P 0
L 2.1 3.767 2.1 3.777 0 P 0
L 2.1009842 0.2790157 2.1265748 0.2790157 0 P 0
L 2.1137795 0.2662204 2.1137795 0.291811 0 P 0
L 2.115 3.445 2.125 3.445 0 P 0
L 2.12 3.44 2.12 3.45 0 P 0
L 2.1582677 0.1341339 2.1818897 0.1341339 0 P 0
L 2.1582677 0.2987007 2.1818897 0.2987007 0 P 0
L 2.1700787 0.1223229 2.1700787 0.1459449 0 P 0
L 2.1700787 0.2868897 2.1700787 0.3105117 0 P 0
L 2.22 1.522 2.23 1.522 0 P 0
L 2.22 2.022 2.23 2.022 0 P 0
L 2.22 2.522 2.23 2.522 0 P 0
L 2.22 3.022 2.23 3.022 0 P 0
L 2.22 3.522 2.23 3.522 0 P 0
L 2.225 1.517 2.225 1.527 0 P 0
L 2.225 2.017 2.225 2.027 0 P 0
L 2.225 2.517 2.225 2.527 0 P 0
L 2.225 3.017 2.225 3.027 0 P 0
L 2.225 3.517 2.225 3.527 0 P 0
L 2.268229 3.598229 2.278229 3.598229 0 P 0
L 2.27 0.4 2.28 0.4 0 P 0
L 2.273229 3.593229 2.273229 3.603229 0 P 0
L 2.275 0.395 2.275 0.405 0 P 0
L 2.290569 0.3816152 2.300569 0.3816152 0 P 0
L 2.295569 0.3766152 2.295569 0.3866152 0 P 0
L 2.345 0.272 2.355 0.272 0 P 0
L 2.345 0.772 2.355 0.772 0 P 0
L 2.345 1.272 2.355 1.272 0 P 0
L 2.345 1.772 2.355 1.772 0 P 0
L 2.345 2.772 2.355 2.772 0 P 0
L 2.345 3.772 2.355 3.772 0 P 0
L 2.35 0.267 2.35 0.277 0 P 0
L 2.35 0.767 2.35 0.777 0 P 0
L 2.35 1.267 2.35 1.277 0 P 0
L 2.35 1.767 2.35 1.777 0 P 0
L 2.35 2.767 2.35 2.777 0 P 0
L 2.35 3.767 2.35 3.777 0 P 0
L 2.362717 3.597717 2.372717 3.597717 0 P 0
L 2.367717 3.592717 2.367717 3.602717 0 P 0
L 2.395 0.3441569 2.405 0.3441569 0 P 0
L 2.395 0.51 2.405 0.51 0 P 0
L 2.4 0.3391569 2.4 0.3491569 0 P 0
L 2.4 0.505 2.4 0.515 0 P 0
L 2.43 0.275 2.47 0.275 0 P 0
L 2.43 0.575 2.47 0.575 0 P 0
L 2.43 3.265 2.44 3.265 0 P 0
L 2.435 3.26 2.435 3.27 0 P 0
L 2.45 0.255 2.45 0.295 0 P 0
L 2.45 0.555 2.45 0.595 0 P 0
L 2.455 1.58 2.465 1.58 0 P 0
L 2.46 1.575 2.46 1.585 0 P 0
L 2.47 0.522 2.48 0.522 0 P 0
L 2.47 2.022 2.48 2.022 0 P 0
L 2.47 2.522 2.48 2.522 0 P 0
L 2.47 3.022 2.48 3.022 0 P 0
L 2.475 0.517 2.475 0.527 0 P 0
L 2.475 2.017 2.475 2.027 0 P 0
L 2.475 2.517 2.475 2.527 0 P 0
L 2.475 3.017 2.475 3.027 0 P 0
L 2.4794022 1.3794 2.5404258 1.3794 0 P 0
L 2.48926 3.35142 2.55326 3.35142 0 P 0
L 2.505 1.21 2.515 1.21 0 P 0
L 2.509914 1.3488882 2.509914 1.4099118 0 P 0
L 2.51 1.205 2.51 1.215 0 P 0
L 2.52126 3.31942 2.52126 3.38342 0 P 0
L 2.5400001 0.3300001 2.5500001 0.3300001 0 P 0
L 2.5450001 0.3250001 2.5450001 0.3350001 0 P 0
L 2.555 1.58 2.565 1.58 0 P 0
L 2.56 1.575 2.56 1.585 0 P 0
L 2.595 0.272 2.605 0.272 0 P 0
L 2.595 0.772 2.605 0.772 0 P 0
L 2.595 1.272 2.605 1.272 0 P 0
L 2.595 1.772 2.605 1.772 0 P 0
L 2.595 2.272 2.605 2.272 0 P 0
L 2.595 2.772 2.605 2.772 0 P 0
L 2.595 3.272 2.605 3.272 0 P 0
L 2.595 3.772 2.605 3.772 0 P 0
L 2.6 0.267 2.6 0.277 0 P 0
L 2.6 0.767 2.6 0.777 0 P 0
L 2.6 1.267 2.6 1.277 0 P 0
L 2.6 1.767 2.6 1.777 0 P 0
L 2.6 2.267 2.6 2.277 0 P 0
L 2.6 2.767 2.6 2.777 0 P 0
L 2.6 3.267 2.6 3.277 0 P 0
L 2.6 3.605 2.61 3.605 0 P 0
L 2.6 3.767 2.6 3.777 0 P 0
L 2.605 3.6 2.605 3.61 0 P 0
L 2.6452243 0.3573623 2.6552243 0.3573623 0 P 0
L 2.6502243 0.3523623 2.6502243 0.3623623 0 P 0
L 2.6600001 0.525 2.6700001 0.525 0 P 0
L 2.6650001 0.52 2.6650001 0.53 0 P 0
L 2.6673621 0.4026379 2.6773621 0.4026379 0 P 0
L 2.6723621 0.3976379 2.6723621 0.4076379 0 P 0
L 2.695 2.015 2.705 2.015 0 P 0
L 2.7 2.01 2.7 2.02 0 P 0
L 2.72 2.522 2.73 2.522 0 P 0
L 2.72 3.022 2.73 3.022 0 P 0
L 2.72 3.522 2.73 3.522 0 P 0
L 2.725 2.517 2.725 2.527 0 P 0
L 2.725 3.017 2.725 3.027 0 P 0
L 2.725 3.517 2.725 3.527 0 P 0
L 2.7550001 0.4650001 2.7650001 0.4650001 0 P 0
L 2.7550001 0.5450001 2.7650001 0.5450001 0 P 0
L 2.7600001 0.4600001 2.7600001 0.4700001 0 P 0
L 2.7600001 0.5400001 2.7600001 0.5500001 0 P 0
L 2.7900001 0.5050001 2.8000001 0.5050001 0 P 0
L 2.7950001 0.5000001 2.7950001 0.5100001 0 P 0
L 2.8250001 0.4650001 2.8350001 0.4650001 0 P 0
L 2.8250001 0.5450001 2.8350001 0.5450001 0 P 0
L 2.8300001 0.4600001 2.8300001 0.4700001 0 P 0
L 2.8300001 0.5400001 2.8300001 0.5500001 0 P 0
L 2.845 0.272 2.855 0.272 0 P 0
L 2.845 1.272 2.855 1.272 0 P 0
L 2.845 2.272 2.855 2.272 0 P 0
L 2.845 2.772 2.855 2.772 0 P 0
L 2.845 3.272 2.855 3.272 0 P 0
L 2.845 3.772 2.855 3.772 0 P 0
L 2.85 0.267 2.85 0.277 0 P 0
L 2.85 1.267 2.85 1.277 0 P 0
L 2.85 2.267 2.85 2.277 0 P 0
L 2.85 2.767 2.85 2.777 0 P 0
L 2.85 3.267 2.85 3.277 0 P 0
L 2.85 3.767 2.85 3.777 0 P 0
L 2.9354331 1.219685 2.9748031 1.219685 0 P 0
L 2.9354331 1.319685 2.9748031 1.319685 0 P 0
L 2.9354331 1.419685 2.9748031 1.419685 0 P 0
L 2.9354331 1.519685 2.9748031 1.519685 0 P 0
L 2.9354331 1.619685 2.9748031 1.619685 0 P 0
L 2.9354331 1.719685 2.9748031 1.719685 0 P 0
L 2.9354331 1.819685 2.9748031 1.819685 0 P 0
L 2.9354331 1.919685 2.9748031 1.919685 0 P 0
L 2.9354331 2.079685 2.9748031 2.079685 0 P 0
L 2.9354331 2.179685 2.9748031 2.179685 0 P 0
L 2.9354331 2.279685 2.9748031 2.279685 0 P 0
L 2.9354331 2.379685 2.9748031 2.379685 0 P 0
L 2.9354331 2.479685 2.9748031 2.479685 0 P 0
L 2.9354331 2.579685 2.9748031 2.579685 0 P 0
L 2.9354331 2.679685 2.9748031 2.679685 0 P 0
L 2.9354331 2.779685 2.9748031 2.779685 0 P 0
L 2.9354331 2.879685 2.9748031 2.879685 0 P 0
L 2.9354331 2.979685 2.9748031 2.979685 0 P 0
L 2.9549213 0.825 2.9950787 0.825 0 P 0
L 2.9549213 0.925 2.9950787 0.925 0 P 0
L 2.9551181 1.2 2.9551181 1.23937 0 P 0
L 2.9551181 1.3 2.9551181 1.33937 0 P 0
L 2.9551181 1.4 2.9551181 1.43937 0 P 0
L 2.9551181 1.5 2.9551181 1.53937 0 P 0
L 2.9551181 1.6 2.9551181 1.63937 0 P 0
L 2.9551181 1.7 2.9551181 1.73937 0 P 0
L 2.9551181 1.8 2.9551181 1.83937 0 P 0
L 2.9551181 1.9 2.9551181 1.93937 0 P 0
L 2.9551181 2.06 2.9551181 2.09937 0 P 0
L 2.9551181 2.16 2.9551181 2.19937 0 P 0
L 2.9551181 2.26 2.9551181 2.29937 0 P 0
L 2.9551181 2.36 2.9551181 2.39937 0 P 0
L 2.9551181 2.46 2.9551181 2.49937 0 P 0
L 2.9551181 2.56 2.9551181 2.59937 0 P 0
L 2.9551181 2.66 2.9551181 2.69937 0 P 0
L 2.9551181 2.76 2.9551181 2.79937 0 P 0
L 2.9551181 2.86 2.9551181 2.89937 0 P 0
L 2.9551181 2.96 2.9551181 2.99937 0 P 0
L 2.97 0.522 2.98 0.522 0 P 0
L 2.97 3.522 2.98 3.522 0 P 0
L 2.975 0.517 2.975 0.527 0 P 0
L 2.975 0.8049213 2.975 0.8450787 0 P 0
L 2.975 0.9049213 2.975 0.9450787 0 P 0
L 2.975 3.517 2.975 3.527 0 P 0
L 3.095 0.272 3.105 0.272 0 P 0
L 3.095 0.772 3.105 0.772 0 P 0
L 3.095 3.272 3.105 3.272 0 P 0
L 3.095 3.772 3.105 3.772 0 P 0
L 3.1 0.267 3.1 0.277 0 P 0
L 3.1 0.767 3.1 0.777 0 P 0
L 3.1 3.267 3.1 3.277 0 P 0
L 3.1 3.767 3.1 3.777 0 P 0
L 3.1049213 0.825 3.1450787 0.825 0 P 0
L 3.1049213 0.925 3.1450787 0.925 0 P 0
L 3.125 0.8049213 3.125 0.8450787 0 P 0
L 3.125 0.9049213 3.125 0.9450787 0 P 0
L 3.168504 3.7 3.231496 3.7 0 P 0
L 3.168504 3.9 3.231496 3.9 0 P 0
L 3.17 1.9 3.18 1.9 0 P 0
L 3.175 1.895 3.175 1.905 0 P 0
L 3.195 3.5 3.205 3.5 0 P 0
L 3.195 3.55 3.205 3.55 0 P 0
L 3.195 3.6 3.205 3.6 0 P 0
L 3.1994094 1.4744094 3.2094094 1.4744094 0 P 0
L 3.2 3.495 3.2 3.505 0 P 0
L 3.2 3.545 3.2 3.555 0 P 0
L 3.2 3.595 3.2 3.605 0 P 0
L 3.2 3.668504 3.2 3.731496 0 P 0
L 3.2 3.868504 3.2 3.931496 0 P 0
L 3.2044094 1.4694094 3.2044094 1.4794094 0 P 0
L 3.22 0.522 3.23 0.522 0 P 0
L 3.22 2.522 3.23 2.522 0 P 0
L 3.225 0.517 3.225 0.527 0 P 0
L 3.225 1.5 3.235 1.5 0 P 0
L 3.225 2.517 3.225 2.527 0 P 0
L 3.23 1.495 3.23 1.505 0 P 0
L 3.23 2.35 3.24 2.35 0 P 0
L 3.235 2.345 3.235 2.355 0 P 0
L 3.255 0.8 3.295 0.8 0 P 0
L 3.255 0.925 3.295 0.925 0 P 0
L 3.2704725 3.8 3.3295275 3.8 0 P 0
L 3.275 0.78 3.275 0.82 0 P 0
L 3.275 0.905 3.275 0.945 0 P 0
L 3.3 3.7704725 3.3 3.8295275 0 P 0
L 3.3049213 2.65 3.3450787 2.65 0 P 0
L 3.3082283 1.4179133 3.3182283 1.4179133 0 P 0
L 3.3132283 1.4129133 3.3132283 1.4229133 0 P 0
L 3.325 2.6299213 3.325 2.6700787 0 P 0
L 3.34 0.99 3.35 0.99 0 P 0
L 3.345 0.272 3.355 0.272 0 P 0
L 3.345 0.772 3.355 0.772 0 P 0
L 3.345 0.985 3.345 0.995 0 P 0
L 3.345 2.772 3.355 2.772 0 P 0
L 3.345 3.272 3.355 3.272 0 P 0
L 3.35 0.267 3.35 0.277 0 P 0
L 3.35 0.767 3.35 0.777 0 P 0
L 3.35 2.767 3.35 2.777 0 P 0
L 3.35 3.267 3.35 3.277 0 P 0
L 3.365 1.65 3.375 1.65 0 P 0
L 3.368504 3.7 3.431496 3.7 0 P 0
L 3.368504 3.9 3.431496 3.9 0 P 0
L 3.37 1.645 3.37 1.655 0 P 0
L 3.37 2.55 3.38 2.55 0 P 0
L 3.375 2.545 3.375 2.555 0 P 0
L 3.38 2.35 3.39 2.35 0 P 0
L 3.385 2.345 3.385 2.355 0 P 0
L 3.395 3.5 3.405 3.5 0 P 0
L 3.395 3.55 3.405 3.55 0 P 0
L 3.395 3.6 3.405 3.6 0 P 0
L 3.4 3.495 3.4 3.505 0 P 0
L 3.4 3.545 3.4 3.555 0 P 0
L 3.4 3.595 3.4 3.605 0 P 0
L 3.4 3.668504 3.4 3.731496 0 P 0
L 3.4 3.868504 3.4 3.931496 0 P 0
L 3.4049213 1.175 3.4450787 1.175 0 P 0
L 3.4049213 1.325 3.4450787 1.325 0 P 0
L 3.4049213 2.65 3.4450787 2.65 0 P 0
L 3.405 2.975 3.445 2.975 0 P 0
L 3.405 3.225 3.445 3.225 0 P 0
L 3.415 2.785 3.425 2.785 0 P 0
L 3.42 2.78 3.42 2.79 0 P 0
L 3.425 1.1549213 3.425 1.1950787 0 P 0
L 3.425 1.3049213 3.425 1.3450787 0 P 0
L 3.425 2.6299213 3.425 2.6700787 0 P 0
L 3.425 2.955 3.425 2.995 0 P 0
L 3.425 3.205 3.425 3.245 0 P 0
L 3.4299213 0.525 3.4700787 0.525 0 P 0
L 3.4299213 0.625 3.4700787 0.625 0 P 0
L 3.4299213 0.725 3.4700787 0.725 0 P 0
L 3.4299213 0.825 3.4700787 0.825 0 P 0
L 3.4299213 0.925 3.4700787 0.925 0 P 0
L 3.4299213 1.025 3.4700787 1.025 0 P 0
L 3.445 1.685 3.455 1.685 0 P 0
L 3.45 0.5049213 3.45 0.5450787 0 P 0
L 3.45 0.6049213 3.45 0.6450787 0 P 0
L 3.45 0.7049213 3.45 0.7450787 0 P 0
L 3.45 0.8049213 3.45 0.8450787 0 P 0
L 3.45 0.9049213 3.45 0.9450787 0 P 0
L 3.45 1.0049213 3.45 1.0450787 0 P 0
L 3.45 1.68 3.45 1.69 0 P 0
L 3.47 1.522 3.48 1.522 0 P 0
L 3.47 3.022 3.48 3.022 0 P 0
L 3.47 3.522 3.48 3.522 0 P 0
L 3.475 1.517 3.475 1.527 0 P 0
L 3.475 3.017 3.475 3.027 0 P 0
L 3.475 3.517 3.475 3.527 0 P 0
L 3.495 1.685 3.505 1.685 0 P 0
L 3.5 1.68 3.5 1.69 0 P 0
L 3.5049213 1.175 3.5450787 1.175 0 P 0
L 3.5049213 1.325 3.5450787 1.325 0 P 0
L 3.52 1.4900127 3.53 1.4900127 0 P 0
L 3.52 2.775 3.53 2.775 0 P 0
L 3.525 1.1549213 3.525 1.1950787 0 P 0
L 3.525 1.3049213 3.525 1.3450787 0 P 0
L 3.525 1.4850127 3.525 1.4950127 0 P 0
L 3.525 2.77 3.525 2.78 0 P 0
L 3.535 2.225 3.545 2.225 0 P 0
L 3.54 2.22 3.54 2.23 0 P 0
L 3.56 1.685 3.57 1.685 0 P 0
L 3.565 1.68 3.565 1.69 0 P 0
L 3.5761888 1.6002671 3.5861888 1.6002671 0 P 0
L 3.5811888 1.5952671 3.5811888 1.6052671 0 P 0
L 3.595 0.272 3.605 0.272 0 P 0
L 3.595 1.272 3.605 1.272 0 P 0
L 3.595 2.272 3.605 2.272 0 P 0
L 3.595 2.772 3.605 2.772 0 P 0
L 3.595 3.272 3.605 3.272 0 P 0
L 3.595 3.772 3.605 3.772 0 P 0
L 3.6 0.267 3.6 0.277 0 P 0
L 3.6 1.267 3.6 1.277 0 P 0
L 3.6 2.267 3.6 2.277 0 P 0
L 3.6 2.767 3.6 2.777 0 P 0
L 3.6 3.267 3.6 3.277 0 P 0
L 3.6 3.767 3.6 3.777 0 P 0
L 3.675 0.25 3.825 0.25 0 P 0
L 3.675 3.75 3.825 3.75 0 P 0
L 3.72 0.522 3.73 0.522 0 P 0
L 3.72 1.022 3.73 1.022 0 P 0
L 3.72 2.022 3.73 2.022 0 P 0
L 3.72 2.522 3.73 2.522 0 P 0
L 3.72 3.522 3.73 3.522 0 P 0
L 3.725 0.517 3.725 0.527 0 P 0
L 3.725 1.017 3.725 1.027 0 P 0
L 3.725 2.017 3.725 2.027 0 P 0
L 3.725 2.517 3.725 2.527 0 P 0
L 3.725 3.517 3.725 3.527 0 P 0
L 3.75 0.175 3.75 0.325 0 P 0
L 3.75 3.675 3.75 3.825 0 P 0
L 3.76 2.975 3.77 2.975 0 P 0
L 3.765 2.97 3.765 2.98 0 P 0
L 3.765 3.225 3.775 3.225 0 P 0
L 3.77 3.22 3.77 3.23 0 P 0
L 3.7744095 0.55315 3.8255905 0.55315 0 P 0
L 3.7744095 0.75 3.8255905 0.75 0 P 0
L 3.7744095 0.94685 3.8255905 0.94685 0 P 0
L 3.7744095 1.87815 3.8255905 1.87815 0 P 0
L 3.7744095 2.075 3.8255905 2.075 0 P 0
L 3.7744095 2.27185 3.8255905 2.27185 0 P 0
L 3.7799213 1.225 3.8200787 1.225 0 P 0
L 3.7799213 1.325 3.8200787 1.325 0 P 0
L 3.7799213 1.425 3.8200787 1.425 0 P 0
L 3.8 0.5275595 3.8 0.5787405 0 P 0
L 3.8 0.7244095 3.8 0.7755905 0 P 0
L 3.8 0.9212595 3.8 0.9724405 0 P 0
L 3.8 1.2049213 3.8 1.2450787 0 P 0
L 3.8 1.3049213 3.8 1.3450787 0 P 0
L 3.8 1.4049213 3.8 1.4450787 0 P 0
L 3.8 1.8525595 3.8 1.9037405 0 P 0
L 3.8 2.0494095 3.8 2.1005905 0 P 0
L 3.8 2.2462595 3.8 2.2974405 0 P 0
